{
 "cells": [
  {
   "cell_type": "code",
   "execution_count": 4,
   "metadata": {},
   "outputs": [],
   "source": [
    "import numpy as np"
   ]
  },
  {
   "cell_type": "code",
   "execution_count": 5,
   "metadata": {},
   "outputs": [],
   "source": [
    "dists = np.random.rand(100, 5)\n",
    "dists = (dists.T/np.sum(dists, axis=1)).T"
   ]
  },
  {
   "cell_type": "code",
   "execution_count": 6,
   "metadata": {},
   "outputs": [
    {
     "data": {
      "text/plain": [
       "array([[1.64660884e-01, 1.33201311e-01, 1.59669529e-01, 3.76254182e-02,\n",
       "        5.04842857e-01],\n",
       "       [3.01523219e-01, 2.86568963e-01, 4.08051169e-03, 1.42174774e-01,\n",
       "        2.65652532e-01],\n",
       "       [2.53880745e-02, 2.21791430e-01, 2.86604426e-01, 1.97085498e-01,\n",
       "        2.69130571e-01],\n",
       "       [1.91548853e-01, 5.76308864e-02, 3.24482120e-01, 2.43208628e-01,\n",
       "        1.83129513e-01],\n",
       "       [3.84953624e-01, 1.17107117e-01, 6.51531955e-02, 3.54032164e-01,\n",
       "        7.87538992e-02],\n",
       "       [2.75087502e-01, 1.35989970e-01, 3.67921903e-01, 1.57144799e-01,\n",
       "        6.38558269e-02],\n",
       "       [3.44434449e-02, 2.91404615e-01, 3.05314333e-01, 1.25643137e-01,\n",
       "        2.43194470e-01],\n",
       "       [2.87158539e-01, 1.56909923e-01, 3.27714731e-01, 1.63062129e-01,\n",
       "        6.51546790e-02],\n",
       "       [2.50098905e-01, 9.67027666e-02, 3.63703170e-01, 2.30550797e-01,\n",
       "        5.89443611e-02],\n",
       "       [1.49925346e-01, 2.33121199e-01, 9.80112002e-02, 9.35101920e-02,\n",
       "        4.25432063e-01],\n",
       "       [1.38129931e-01, 1.15697520e-01, 2.98525598e-01, 1.38097293e-01,\n",
       "        3.09549659e-01],\n",
       "       [5.27080728e-01, 4.31828377e-02, 1.75451595e-01, 1.91021058e-01,\n",
       "        6.32637817e-02],\n",
       "       [2.81170605e-01, 2.94820410e-01, 7.99204321e-02, 5.57620773e-02,\n",
       "        2.88326475e-01],\n",
       "       [1.10563325e-01, 4.33031761e-01, 9.80072112e-02, 8.25110887e-02,\n",
       "        2.75886613e-01],\n",
       "       [1.12527033e-01, 3.58368859e-01, 2.64289631e-01, 6.05806328e-02,\n",
       "        2.04233844e-01],\n",
       "       [9.80857562e-02, 2.97537762e-01, 2.83127059e-01, 2.33078526e-01,\n",
       "        8.81708966e-02],\n",
       "       [1.28663319e-01, 9.17165786e-02, 1.12600331e-01, 2.55539817e-01,\n",
       "        4.11479954e-01],\n",
       "       [1.77773383e-01, 1.18028549e-01, 2.83669878e-01, 6.77783034e-02,\n",
       "        3.52749887e-01],\n",
       "       [1.10890939e-01, 2.11070970e-01, 1.71889150e-01, 2.42631675e-01,\n",
       "        2.63517266e-01],\n",
       "       [1.66635942e-01, 1.40741596e-01, 3.29750332e-01, 3.35412254e-01,\n",
       "        2.74598758e-02],\n",
       "       [8.64726825e-02, 3.44101015e-01, 2.60175791e-01, 2.96923093e-01,\n",
       "        1.23274183e-02],\n",
       "       [3.01767764e-01, 3.75295620e-01, 5.21748989e-02, 1.33242972e-01,\n",
       "        1.37518745e-01],\n",
       "       [2.02619650e-01, 8.46437069e-02, 2.64560730e-01, 1.66091805e-01,\n",
       "        2.82084108e-01],\n",
       "       [1.23433911e-01, 1.45398789e-01, 3.17835381e-01, 1.46850082e-01,\n",
       "        2.66481836e-01],\n",
       "       [2.72765382e-01, 5.12928635e-01, 1.38291765e-01, 2.23280714e-02,\n",
       "        5.36861469e-02],\n",
       "       [1.09682343e-01, 7.00173869e-02, 1.71372867e-01, 3.91742509e-01,\n",
       "        2.57184894e-01],\n",
       "       [3.03920443e-01, 2.91598746e-01, 1.55717795e-01, 1.76450814e-01,\n",
       "        7.23122021e-02],\n",
       "       [3.34980902e-01, 9.18144263e-02, 2.07782289e-01, 3.15236801e-01,\n",
       "        5.01855807e-02],\n",
       "       [3.73290813e-01, 1.88304617e-02, 2.74278929e-01, 3.22064354e-01,\n",
       "        1.15354426e-02],\n",
       "       [2.33328440e-01, 2.06481209e-02, 2.39179971e-01, 2.23211609e-01,\n",
       "        2.83631859e-01],\n",
       "       [2.49240862e-01, 2.45133527e-01, 3.26939608e-01, 7.55829976e-02,\n",
       "        1.03103005e-01],\n",
       "       [5.82759450e-02, 2.01627127e-01, 4.71152350e-01, 4.05193087e-02,\n",
       "        2.28425269e-01],\n",
       "       [1.72132107e-01, 3.17552283e-02, 2.74658701e-01, 2.61478206e-01,\n",
       "        2.59975757e-01],\n",
       "       [2.26778616e-02, 1.92493758e-01, 2.32865249e-01, 2.60256463e-01,\n",
       "        2.91706668e-01],\n",
       "       [2.74401226e-01, 3.45489899e-03, 1.08055688e-01, 5.03999530e-01,\n",
       "        1.10088656e-01],\n",
       "       [4.80229753e-01, 1.82745451e-01, 9.47912158e-02, 4.15477432e-02,\n",
       "        2.00685837e-01],\n",
       "       [6.49191307e-02, 2.36603738e-01, 1.63921235e-01, 2.71036856e-01,\n",
       "        2.63519040e-01],\n",
       "       [2.07930448e-01, 1.19411020e-01, 2.35837351e-01, 3.08383653e-01,\n",
       "        1.28437528e-01],\n",
       "       [1.32181867e-01, 2.84837851e-01, 3.49106605e-02, 1.29443248e-01,\n",
       "        4.18626374e-01],\n",
       "       [2.59424597e-01, 2.61785634e-01, 1.52984479e-01, 3.21958125e-01,\n",
       "        3.84716457e-03],\n",
       "       [2.50758283e-01, 1.51065718e-01, 4.57056809e-01, 6.77930831e-02,\n",
       "        7.33261069e-02],\n",
       "       [3.06964426e-01, 1.36243744e-01, 1.01403976e-01, 1.84195408e-01,\n",
       "        2.71192446e-01],\n",
       "       [3.87781500e-01, 2.09149785e-01, 1.04082693e-01, 1.88746293e-01,\n",
       "        1.10239728e-01],\n",
       "       [2.71015714e-01, 1.84682484e-01, 3.09568562e-01, 6.24874862e-02,\n",
       "        1.72245753e-01],\n",
       "       [3.93011560e-02, 3.38183056e-01, 2.97940979e-01, 2.17378262e-02,\n",
       "        3.02836983e-01],\n",
       "       [2.91278772e-01, 2.58170119e-01, 3.27338788e-01, 4.76996132e-02,\n",
       "        7.55127077e-02],\n",
       "       [2.79341286e-01, 3.87515010e-01, 1.54816758e-01, 1.22488234e-01,\n",
       "        5.58387126e-02],\n",
       "       [3.60357033e-01, 3.74561936e-01, 6.25374603e-02, 5.95110067e-02,\n",
       "        1.43032564e-01],\n",
       "       [3.17608454e-01, 5.13315717e-02, 2.74887373e-01, 2.45753958e-01,\n",
       "        1.10418643e-01],\n",
       "       [5.43724777e-01, 4.16870219e-03, 1.19438471e-01, 4.89647347e-03,\n",
       "        3.27771576e-01],\n",
       "       [8.27066148e-02, 1.58743937e-01, 1.49403540e-01, 1.79988694e-01,\n",
       "        4.29157214e-01],\n",
       "       [1.80052025e-02, 3.71292481e-01, 4.32550562e-01, 4.54897458e-02,\n",
       "        1.32662009e-01],\n",
       "       [3.59844125e-01, 3.15693839e-01, 1.47058572e-01, 7.15310393e-02,\n",
       "        1.05872425e-01],\n",
       "       [3.03891944e-01, 2.06205423e-01, 9.88538287e-02, 1.71238384e-01,\n",
       "        2.19810421e-01],\n",
       "       [8.20951340e-02, 1.94363441e-01, 2.57375981e-01, 1.91372118e-01,\n",
       "        2.74793327e-01],\n",
       "       [2.14994731e-01, 7.03529701e-02, 2.34578293e-01, 3.14836389e-01,\n",
       "        1.65237617e-01],\n",
       "       [3.45019823e-01, 2.39871235e-01, 4.42351429e-02, 7.94953743e-02,\n",
       "        2.91378425e-01],\n",
       "       [1.02090607e-02, 1.99735556e-01, 4.82403326e-01, 2.74105306e-01,\n",
       "        3.35467507e-02],\n",
       "       [6.25486440e-03, 1.82514203e-01, 2.57063462e-01, 3.02681244e-01,\n",
       "        2.51486227e-01],\n",
       "       [2.62659290e-01, 1.60237190e-01, 2.87578824e-01, 1.56335409e-01,\n",
       "        1.33189287e-01],\n",
       "       [1.68402016e-01, 1.30158713e-01, 1.02557261e-01, 2.73657290e-01,\n",
       "        3.25224721e-01],\n",
       "       [6.45404424e-02, 3.74389244e-01, 1.28278138e-01, 2.04385160e-01,\n",
       "        2.28407016e-01],\n",
       "       [1.01041099e-01, 1.93866129e-01, 2.95706554e-01, 3.47279329e-01,\n",
       "        6.21068895e-02],\n",
       "       [1.87377799e-01, 4.19212972e-01, 2.70772797e-01, 8.32767405e-02,\n",
       "        3.93596908e-02],\n",
       "       [1.34434314e-01, 7.81701134e-02, 2.21377715e-01, 2.66856152e-01,\n",
       "        2.99161706e-01],\n",
       "       [1.58084255e-01, 2.22044438e-01, 3.42077891e-01, 9.57683134e-02,\n",
       "        1.82025102e-01],\n",
       "       [8.79049429e-02, 2.18027653e-01, 1.31065514e-01, 3.69186358e-02,\n",
       "        5.26083254e-01],\n",
       "       [9.65357713e-02, 3.87062584e-01, 1.62511045e-02, 1.50385896e-01,\n",
       "        3.49764645e-01],\n",
       "       [1.32754870e-01, 1.50614321e-01, 2.99865033e-01, 2.06964000e-01,\n",
       "        2.09801777e-01],\n",
       "       [1.45711948e-01, 2.41527942e-01, 2.37267126e-01, 3.69840199e-01,\n",
       "        5.65278366e-03],\n",
       "       [2.37772684e-01, 2.18783510e-01, 1.59496522e-01, 2.74445290e-01,\n",
       "        1.09501994e-01],\n",
       "       [7.57557870e-02, 2.76130634e-01, 2.13828108e-01, 2.97799658e-01,\n",
       "        1.36485813e-01],\n",
       "       [3.18874924e-01, 1.67116805e-01, 1.59142868e-01, 1.95200261e-01,\n",
       "        1.59665142e-01],\n",
       "       [1.06043789e-01, 3.42334907e-01, 3.87248611e-01, 1.37069725e-01,\n",
       "        2.73029691e-02],\n",
       "       [2.41975306e-01, 3.50583113e-03, 2.46081840e-01, 2.59638942e-01,\n",
       "        2.48798082e-01],\n",
       "       [1.27503506e-01, 2.78001896e-01, 2.14671183e-01, 2.19531693e-01,\n",
       "        1.60291722e-01],\n",
       "       [6.25781958e-01, 1.29483385e-01, 5.18741919e-02, 8.85007459e-02,\n",
       "        1.04359720e-01],\n",
       "       [3.83653079e-01, 2.99490212e-03, 3.36267457e-01, 1.77163651e-01,\n",
       "        9.99209111e-02],\n",
       "       [2.20389184e-01, 1.32287092e-01, 1.54607012e-01, 2.30031266e-01,\n",
       "        2.62685446e-01],\n",
       "       [1.19449323e-03, 3.00957479e-01, 1.11822785e-01, 3.66025222e-01,\n",
       "        2.20000021e-01],\n",
       "       [1.25281753e-01, 1.79902104e-01, 1.28200862e-01, 2.59763151e-01,\n",
       "        3.06852130e-01],\n",
       "       [4.21387418e-04, 3.81641531e-01, 9.52136746e-02, 2.85342420e-01,\n",
       "        2.37380987e-01],\n",
       "       [2.56845763e-01, 2.16217104e-01, 1.35478566e-01, 2.35623566e-01,\n",
       "        1.55835001e-01],\n",
       "       [3.38317937e-01, 6.83351936e-02, 1.23297680e-01, 3.97562065e-01,\n",
       "        7.24871235e-02],\n",
       "       [5.29240204e-01, 1.49360525e-01, 1.38417456e-01, 9.82427663e-02,\n",
       "        8.47390493e-02],\n",
       "       [2.34089409e-01, 3.77003351e-01, 1.19295348e-01, 1.33580180e-02,\n",
       "        2.56253874e-01],\n",
       "       [1.35427237e-01, 1.34623538e-01, 1.61955930e-01, 1.57748531e-01,\n",
       "        4.10244764e-01],\n",
       "       [2.44956561e-01, 3.83913249e-01, 2.06800144e-02, 2.11844942e-01,\n",
       "        1.38605233e-01],\n",
       "       [1.26151867e-02, 3.20510807e-01, 3.30055856e-01, 2.94402199e-01,\n",
       "        4.24159519e-02],\n",
       "       [1.89453362e-01, 8.24390730e-02, 2.39427394e-01, 2.17540351e-01,\n",
       "        2.71139819e-01],\n",
       "       [2.70678258e-01, 3.78188087e-01, 6.74467586e-02, 1.08136490e-01,\n",
       "        1.75550407e-01],\n",
       "       [2.84752710e-01, 2.38108695e-01, 1.21984804e-01, 2.26848382e-01,\n",
       "        1.28305409e-01],\n",
       "       [1.52019704e-01, 2.37204283e-01, 2.11453168e-01, 1.80245152e-01,\n",
       "        2.19077693e-01],\n",
       "       [2.41433091e-01, 2.09495586e-01, 3.14842009e-01, 1.60024718e-01,\n",
       "        7.42045966e-02],\n",
       "       [1.65498834e-01, 2.64921632e-01, 1.29655369e-01, 2.02726614e-01,\n",
       "        2.37197550e-01],\n",
       "       [3.59785272e-01, 9.81518538e-02, 3.24646741e-01, 1.77602909e-01,\n",
       "        3.98132241e-02],\n",
       "       [3.67461901e-01, 3.73494787e-03, 3.26705911e-02, 2.96842426e-01,\n",
       "        2.99290135e-01],\n",
       "       [1.48246195e-01, 2.14424514e-01, 2.43516490e-01, 2.69979459e-01,\n",
       "        1.23833341e-01],\n",
       "       [1.41299033e-01, 7.83765449e-02, 3.97776839e-01, 1.10837190e-01,\n",
       "        2.71710394e-01],\n",
       "       [2.81279564e-01, 4.72722209e-02, 3.02170438e-01, 2.99740698e-01,\n",
       "        6.95370795e-02]])"
      ]
     },
     "execution_count": 6,
     "metadata": {},
     "output_type": "execute_result"
    }
   ],
   "source": [
    "dists"
   ]
  },
  {
   "cell_type": "code",
   "execution_count": 7,
   "metadata": {},
   "outputs": [],
   "source": [
    "def random_neighbors(dists):\n",
    "    prob_cum = np.cumsum(dists, axis=1)\n",
    "    r = np.random.rand(dists.shape[0])\n",
    "    return np.argmax((r < prob_cum.T).T, axis=1)"
   ]
  },
  {
   "cell_type": "code",
   "execution_count": 8,
   "metadata": {},
   "outputs": [
    {
     "name": "stdout",
     "output_type": "stream",
     "text": [
      "24.7 µs ± 3.83 µs per loop (mean ± std. dev. of 7 runs, 10,000 loops each)\n"
     ]
    }
   ],
   "source": [
    "%%timeit\n",
    "random_neighbors(dists)"
   ]
  },
  {
   "cell_type": "code",
   "execution_count": 9,
   "metadata": {},
   "outputs": [],
   "source": [
    "indices = list(range(5))"
   ]
  },
  {
   "cell_type": "code",
   "execution_count": 10,
   "metadata": {},
   "outputs": [
    {
     "name": "stdout",
     "output_type": "stream",
     "text": [
      "3.4 ms ± 293 µs per loop (mean ± std. dev. of 7 runs, 100 loops each)\n"
     ]
    }
   ],
   "source": [
    "%%timeit\n",
    "np.apply_along_axis(lambda x: np.random.choice(indices, p=x), axis=1, arr=dists)"
   ]
  },
  {
   "cell_type": "code",
   "execution_count": 11,
   "metadata": {},
   "outputs": [],
   "source": [
    "results = []\n",
    "for _ in range(10000):\n",
    "    results.append(random_neighbors(dists)[0])"
   ]
  },
  {
   "cell_type": "code",
   "execution_count": 12,
   "metadata": {},
   "outputs": [],
   "source": [
    "indices, counts = np.unique(results, return_counts=True)"
   ]
  },
  {
   "cell_type": "code",
   "execution_count": 13,
   "metadata": {},
   "outputs": [
    {
     "data": {
      "text/plain": [
       "array([0.1698, 0.1314, 0.1561, 0.037 , 0.5057])"
      ]
     },
     "execution_count": 13,
     "metadata": {},
     "output_type": "execute_result"
    }
   ],
   "source": [
    "counts/np.sum(counts)"
   ]
  },
  {
   "cell_type": "code",
   "execution_count": 14,
   "metadata": {},
   "outputs": [
    {
     "data": {
      "text/plain": [
       "array([0.16466088, 0.13320131, 0.15966953, 0.03762542, 0.50484286])"
      ]
     },
     "execution_count": 14,
     "metadata": {},
     "output_type": "execute_result"
    }
   ],
   "source": [
    "dists[0]"
   ]
  },
  {
   "cell_type": "code",
   "execution_count": 15,
   "metadata": {},
   "outputs": [],
   "source": [
    "tmp = np.array([[0, 1, 2], [1, 2, 3], [2, 3, 4], [3, 4, 5]])"
   ]
  },
  {
   "cell_type": "code",
   "execution_count": 16,
   "metadata": {},
   "outputs": [
    {
     "data": {
      "text/plain": [
       "array([[0, 1, 2],\n",
       "       [1, 2, 3],\n",
       "       [2, 3, 4],\n",
       "       [3, 4, 5]])"
      ]
     },
     "execution_count": 16,
     "metadata": {},
     "output_type": "execute_result"
    }
   ],
   "source": [
    "tmp"
   ]
  },
  {
   "cell_type": "code",
   "execution_count": 17,
   "metadata": {},
   "outputs": [
    {
     "data": {
      "text/plain": [
       "array([0, 3, 3])"
      ]
     },
     "execution_count": 17,
     "metadata": {},
     "output_type": "execute_result"
    }
   ],
   "source": [
    "tmp[np.array([0, 2, 3]), np.array([0, 1, 0])]"
   ]
  },
  {
   "cell_type": "code",
   "execution_count": 18,
   "metadata": {},
   "outputs": [
    {
     "name": "stdout",
     "output_type": "stream",
     "text": [
      "{'a': 2}\n",
      "{'a': 2}\n"
     ]
    }
   ],
   "source": [
    "def test_function(param0={}, param1=0):\n",
    "    if param1 == 0:\n",
    "        param0['a'] = 2\n",
    "    return param0\n",
    "\n",
    "print(test_function(param1=0))\n",
    "print(test_function(param1=1))\n"
   ]
  },
  {
   "cell_type": "code",
   "execution_count": 19,
   "metadata": {},
   "outputs": [],
   "source": [
    "def cartesian_product(*arrays):\n",
    "    la = len(arrays)\n",
    "    dtype = np.result_type(*arrays)\n",
    "    arr = np.empty([len(a) for a in arrays] + [la], dtype=dtype)\n",
    "    for i, a in enumerate(np.ix_(*arrays)):\n",
    "        arr[...,i] = a\n",
    "    return arr.reshape(-1, la)\n",
    "\n",
    "weights = np.array([[1, 2, 3],\n",
    "                    [4, 5, 6]]).T\n",
    "weights = weights / np.sum(weights)\n",
    "\n",
    "coords = cartesian_product(np.array([0, 1, 2]), np.array([0, 1]))\n",
    "coords[np.random.choice(np.arange(len(coords)), 20, p=weights[coords[:,0], coords[:,1]])]"
   ]
  },
  {
   "cell_type": "code",
   "execution_count": 23,
   "metadata": {},
   "outputs": [],
   "source": []
  },
  {
   "cell_type": "code",
   "execution_count": 25,
   "metadata": {},
   "outputs": [],
   "source": []
  },
  {
   "cell_type": "code",
   "execution_count": 26,
   "metadata": {},
   "outputs": [
    {
     "data": {
      "text/plain": [
       "array([0.04761905, 0.19047619, 0.0952381 , 0.23809524, 0.14285714,\n",
       "       0.28571429])"
      ]
     },
     "execution_count": 26,
     "metadata": {},
     "output_type": "execute_result"
    }
   ],
   "source": [
    "weights[coords[:,0], coords[:,1]]"
   ]
  },
  {
   "cell_type": "code",
   "execution_count": 29,
   "metadata": {},
   "outputs": [
    {
     "data": {
      "text/plain": [
       "array([[0, 0],\n",
       "       [0, 1],\n",
       "       [1, 0],\n",
       "       [1, 1],\n",
       "       [2, 0],\n",
       "       [2, 1]])"
      ]
     },
     "execution_count": 29,
     "metadata": {},
     "output_type": "execute_result"
    }
   ],
   "source": [
    "coords"
   ]
  },
  {
   "cell_type": "code",
   "execution_count": 30,
   "metadata": {},
   "outputs": [
    {
     "data": {
      "text/plain": [
       "array([[0, 0],\n",
       "       [0, 1],\n",
       "       [0, 1],\n",
       "       [1, 1],\n",
       "       [0, 0],\n",
       "       [1, 1],\n",
       "       [1, 1],\n",
       "       [0, 1],\n",
       "       [2, 0],\n",
       "       [2, 1],\n",
       "       [2, 1],\n",
       "       [1, 1],\n",
       "       [1, 1],\n",
       "       [2, 1],\n",
       "       [0, 1],\n",
       "       [1, 1],\n",
       "       [2, 1],\n",
       "       [0, 1],\n",
       "       [1, 1],\n",
       "       [2, 1]])"
      ]
     },
     "execution_count": 30,
     "metadata": {},
     "output_type": "execute_result"
    }
   ],
   "source": []
  },
  {
   "cell_type": "code",
   "execution_count": null,
   "metadata": {},
   "outputs": [],
   "source": []
  }
 ],
 "metadata": {
  "kernelspec": {
   "display_name": "Python 3.10.4 ('smote_variants')",
   "language": "python",
   "name": "python3"
  },
  "language_info": {
   "codemirror_mode": {
    "name": "ipython",
    "version": 3
   },
   "file_extension": ".py",
   "mimetype": "text/x-python",
   "name": "python",
   "nbconvert_exporter": "python",
   "pygments_lexer": "ipython3",
   "version": "3.10.4"
  },
  "orig_nbformat": 4,
  "vscode": {
   "interpreter": {
    "hash": "04ee80b1cee16018cf8dd56bf8f0a10a10cf53a2e8478a33e897f29ae53ad00d"
   }
  }
 },
 "nbformat": 4,
 "nbformat_minor": 2
}
